12.5743560032668
-1.70565918507537
23.1034368346534
20.8496958786905
26.0272960360866
7.49811130780382
19.3794401499574
-5.32700009113887
-31.8924879876227
16.7460605678238
-15.8854230690125
41.5017353156076
9.27618698205528
20.0771891852568
6.91964864971588
38.4350922914242
24.0010105823864
22.8376173319381
38.973956474182
13.9787445603548
8.88540562968041
26.5839484297935
11.1361619671661
3.90384132718793
19.2385445229614
-17.2363629153582
-5.73040866510971
42.9264055928172
21.8011410527275
23.631112785712
-7.2753716233068
31.0339911603912
38.4347976122913
-3.22461912904038
13.301157553304
4.88285113306512
4.19392746510095
-19.6218233095856
14.6464803955524
23.1208109343055
8.97583189119403
-5.49547921838257
57.2884406081847
4.7737233890284
16.242622006496
-23.1912578588984
11.0829697131992
-4.34400732364714
-14.1722636822256
16.1403198608896
11.7995826732183
-24.2477788683221
11.9665228001013
-9.9262220635509
-7.09638638383112
19.7279004546849
-7.38110917408394
-2.09506753616727
16.9750134831672
37.6680768014128
-5.85600186681582
-4.635883137353
13.069970623027
3.09022540986208
7.46006913169762
8.40550155062187
-9.3590301116377
-3.76988351853709
19.8756318765039
33.1837250051844
-0.430722977969598
11.4626371783363
3.42450518606654
7.60038441119345
-15.6419966510577
40.7216323097069
9.98826768509658
0.17047403350866
29.7051619598609
50.654670660124
0.531103851334914
18.0914410992966
4.28394879545834
59.9005899572704
23.6274224594351
0.428052073269952
22.0284835252121
9.95813155240786
5.52817066779553
-17.409163404758
-44.7316991569493
-19.8339571342335
4.25533580960305
25.6173540586472
29.2806331790317
-25.6735399562867
2.28835066681347
-30.1894155092203
8.77048937212572
10.9117054351137
39.457839777307
-17.6379662423011
0.999910461267318
-8.52315245444441
5.80727261477764
-12.762207940787
-1.15082983409372
13.5928042022399
-26.1194388289883
-16.6896601231324
11.3571064460822
15.9952798463342
-2.44122422400787
9.06083924995163
7.54331316945788
31.1963915100334
49.5646465517503
12.2076991802198
15.7994690121518
2.56638650924987
-19.2443106594956
19.2599377176236
-41.6632707252304
2.604439660875
12.8273651784038
-2.64559657269579
22.4586265888424
-1.25685168694418
-17.018978885745
-14.4039339079605
-24.664011590895
-21.4413552915774
4.66888274817205
28.1247960200645
27.86272807844
23.1329912309645
-14.673720552638
-3.60406028620409
15.5148502747867
-28.1703481529603
14.3751881851967
-31.7657659108877
-23.2480505911956
14.5587897595452
31.7056968814308
8.89844342827567
-7.75557530467335
-18.7005683779971
17.1872233008628
-17.8131868787886
30.9496351286729
21.3159567441104
29.5083182864401
37.4737493786203
-7.83858140402352
-14.1608081537323
-3.93574246647331
43.8115166839878
9.66674182320645
-20.1856926151057
-21.7776423569497
-24.4109938792433
-2.62995436927857
6.2176300020579
-5.2172358799219
60.2132996319661
11.1648746021514
9.722325949879
15.5642847459438
12.6815114059042
24.4689923911056
-11.6496030120793
0.238319497271585
7.59949033548585
-20.6130720724313
23.5682745185371
-23.9668512024851
-4.7062548335948
-27.0344037832778
-3.09194034912248
-18.4996927370441
-24.5720574739149
3.35971965632729
22.5608329470753
29.3983722790765
16.6445955426602
37.1621158354877
39.7565881176907
-10.3894081576715
0.938650003978425
13.8301039997189
8.81995514383681
6.66999495719527
42.8636497775344
6.46318521901493
1.18569022445312
15.4728425149709
11.9217506661462
17.1341044993142
2.38610447608089
29.1315730419227
-2.23106864631107
-0.433275610410668
-19.563556786415
-0.1372788845609
5.40362682506466
1.60093788291162
-14.0201501376875
21.5653037996025
-0.515162839165826
10.793677234029
24.4223382379485
0.359211766792435
-13.7588880498268
-1.38754136860058
6.09979957485573
14.3463620010157
-22.3261743007029
-5.92255121438662
-19.379027893635
36.7790237939067
19.4460140117788
17.2053324554067
1.33954396461541
12.6875204912191
1.95780298483286
7.94867659400618
2.27107232065978
13.372907569213
44.1039751938646
11.641485133492
35.5383379469554
35.4726155911849
27.7974253330177
18.0080071918341
13.9160522269315
-36.8945450631423
-23.3595278415316
-26.9758758124066
-21.8641317495115
-5.71176014059455
33.8997037337771
-8.39681161890812
-17.6045862678967
21.2571338005225
-1.94743755885643
1.07934094658002
7.190271195334
44.3506513590868
-20.3471859600596
26.3880959292893
-18.4366315042349
-24.7636647069358
-4.64442689003622
-19.21238442193
58.6152334999139
35.2075423672976
5.32416384227927
3.07042340573393
-0.510329884586364
27.321668611232
37.7690920787179
41.9685119852498
25.7697544684714
-3.22329829534729
24.3489269214263
10.4473084318645
12.9454792075948
28.8089558272766
10.8330668696241
15.3729161062507
13.5470026391356
4.3091586929485
20.8037091658088
4.66773490311046
28.7151804629493
19.241274638125
16.6898772365352
20.5946483622488
18.2677283258723
2.83771096866105
13.0937509253033
-13.4784413646521
24.8914316115418
-32.7032061872878
-31.481457231932
-5.43059406209661
-23.4551644031917
-26.8853616112414
43.557459143544
-18.1922787050586
4.85594251431395
10.3549167507552
-4.42328577769783
26.6869172817155
23.7780728272849
9.66526152832188
14.2022164573769
-0.432845340710784
14.741004647087
5.81033120509072
15.0845418331214
29.6527733464874
-24.6483388434668
0.343753843692842
11.2688378789957
18.8431960110068
0.397539803224657
3.09777302128683
23.2960402992663
-26.2172752708148
-5.75908868970556
-21.5355672150738
13.0198244707683
19.3410921159491
24.7731396931276
1.7930491090512
56.4168022149006
-2.50747444352145
-15.841422800846
39.1480057676091
-6.60227486816149
-10.1964092695021
29.9544827395994
5.90880553684992
11.1187246566551
-8.0972497012472
13.6875862768439
3.06358754316086
-38.348307884117
-13.1571568512612
9.7475379363311
21.3848606792392
-5.189005298309
13.7308908077696
30.5640089843078
14.3703910478457
24.2781780715762
-8.73274610138108
62.9520161471447
34.8015237878284
-9.80179217651642
15.8095836867925
34.8686660731295
0.386388269505327
-37.1896323227163
-20.1761254065752
20.1277513006491
-33.4715468131247
2.55336919377324
34.2784697271522
-25.3737531195298
2.80095839344409
-0.363936380781579
-24.9440917705214
-5.00288774433268
-13.1276692678569
-13.8274311252504
16.6605067366244
10.0571774806105
33.869570638552
0.871657367393624
-10.1921132910564
13.894616552946
-4.20532686576056
22.0820127005097
22.8999841486338
-4.82592203421264
-4.18482470934239
32.9281554853847
3.51074810370359
24.4840313361914
9.34131558709415
25.6275719618825
1.44457690288649
8.25730348858199
-31.6906981604691
13.62676482902
9.71697485369823
-16.8235937481297
8.53914878458386
5.33151507999058
-27.2544776957769
31.3646545144046
-1.51957943566421
16.5137057610339
7.5319191241956
16.4108676555456
43.0430917770056
-4.54468837497322
17.4034984078564
17.3452071558932
-19.5462416971146
-7.84820253035525
1.05167789640359
2.55120570671124
25.6617825527184
-1.0535389274991
22.3076186358764
-15.3772431851381
16.5010342873201
35.1017853383619
58.0138463251496
34.0141901168409
-41.3879060101893
-6.22293042428945
-14.9437008045659
-3.61155629462321
46.8245671526394
0.533073629521443
32.9302608089715
24.5642106070863
-17.4721039633175
-26.2484805342211
16.8190139274317
13.9070767366291
-26.1842904489664
-26.3074773584837
-16.1942008995567
18.8412384730081
11.6701963344332
-25.0406323219895
-19.8690799916833
11.2012554776444
-25.850143135532
17.3192702657751
6.80816223053074
-4.01828791019623
11.0065032842033
28.1438956022737
-18.0629519750845
35.495629842891
34.9434633876654
-10.7320076595064
3.07032471639716
28.9849751134322
-30.3839255185775
30.6411356494833
14.0994337601923
18.0431071271611
3.4596614104489
0.526016946734454
9.85367660167458
-11.2107864317089
25.0877116265745
1.86796263762072
1.80420320598326
-27.5955517585661
-13.104276010706
16.516665707177
4.41710462653173
33.7893912321568
13.2061055848181
13.0100222257911
-19.1249266091991
14.2701814323458
-10.1855420830228
30.5381812847946
50.1309563858516
4.74559223071187
33.241431426848
-9.98632677159788
5.80888664839274
70.4970853390939
6.67844498888365
28.0817813467217
30.5418868661394
-20.0195040515597
-16.5197432480775
41.8975375726775
-15.5048055326963
-16.2084132480513
0.795497394759223
-10.608670739939
-22.5889945847908
-2.11512391940049
47.0141447163707
35.7786845462272
43.2607682725812
-17.4015257308447
-20.4581400327022
-1.77079141474549
42.8257273158845
19.4695236862137
38.1357546831082
31.1393811079026
17.4295744567144
-4.42386394590263
6.29139496289792
-17.0483643245566
-3.79325037572584
24.3166631866541
-18.5888865900586
17.1802118638621
-12.2234412165722
27.6530037302364
-12.7198207238589
8.90799768524215
36.8599527763021
-10.3826241578128
31.9950364243488
23.0430244733262
-22.0696187005371
-1.0368879813017
-12.3518496840469
32.7213606070633
2.9337977524304
11.6058449700256
-16.7784335527974
1.35402371152915
-8.82444883155298
7.3796950227586
20.5656713098494
-6.3658589838725
11.1652117493159
14.3108400389197
-23.0229803108354
-1.05189125595107
29.3649213251331
-43.4230160520984
11.976131336203
-21.5809834155139
13.732012218994
4.80635078384408
0.271996736604954
4.21683477324768
1.21089295172262
-19.0631009917278
-2.44228082095387
-2.05406560587664
-23.403071406161
40.137984769058
9.41391103412687
5.52498427817891
-10.4709099785958
1.400421690203
27.1569080394804
26.359166753639
15.2047554045558
21.5141914629286
-27.2592268434619
17.0473496505031
0.464448610331621
9.83523403751437
36.8190023022252
-9.53095216431516
-31.3832618838619
-19.8489850021752
4.67755582453651
6.38949118125549
4.03291645581167
11.506459862155
8.69614995804561
-9.57953013849617
12.3238922677668
-1.3743205430649
-26.5886869664316
-10.1960188368708
10.6911953925296
1.90175746857341
-32.35530948449
-28.7515983670192
10.1882547832683
21.9520709011006
-14.3092575348304
-13.4730456888945
9.90759680806274
31.8826012664035
-1.27215358152487
18.1618059640683
20.5902638005255
7.67673752811908
-14.8621839205323
0.380187699777145
20.3191636617509
-24.1139902285748
15.2404606871762
47.2437354538967
-34.8811302120408
-24.5614350798992
23.4995331723968
-9.85173932409881
4.70337802499862
-4.06511344856529
13.8752173571371
-2.7042435240637
-29.7651158818694
-41.6217242420847
33.8770618028378
36.082837505384
1.58330189518318
8.21427785101192
16.9094658549479
-30.5836097963106
5.2571369918855
-27.2613757190821
54.3157529039305
45.1706817897179
15.741918585132
22.5228503346134
-30.1316087609255
2.27465092699405
-23.3831800283371
-18.7839383293494
15.7528779682285
14.53806207428
17.9148236699434
2.28168581682681
-17.2367812271625
-7.52917542827164
-2.39036513727045
20.3587590092839
5.76799891092396
-26.4017000090819
20.8401242551107
8.89843337867502
6.899801162676
18.6381752259513
34.2044079304673
-28.4191767281005
6.09257534602999
-16.9613784591391
-18.1749935838932
21.6494510028777
10.5821091002727
-6.84776480788099
33.8455589809186
0.449240752913021
-2.20027898470434
35.1403828508835
11.8054490542039
10.8855646284358
5.16630101154076
36.5129727325841
5.83110337959926
-7.06328653357621
-20.8965253271211
30.1221602700449
-36.9335946157346
2.30889025517116
1.55195208690275
23.2571405986405
-10.2966791938976
21.0527718401858
31.0599151666955
-11.2576495939761
25.4837496427591
47.8009447761468
-12.8515498052234
18.823654889995
-19.5222390389551
7.51831064378344
18.034230597196
-9.25010480494986
24.41704649087
50.8948045014457
6.31531843246265
-21.4161100849847
28.8950084574191
-0.276687949786549
8.63682977376741
5.93344760931979
18.4683227699657
-23.4784249265721
18.4420853742047
10.7814607926827
36.0837431776532
8.8464147825642
15.3262919889788
28.549401561776
-23.961588870249
10.123338845846
18.112098697066
22.1014998811369
16.5251460683343
56.5945393617252
-6.62987689806609
13.7144545278172
28.9771055534526
-4.64791294971099
18.7548983000784
34.817199075886
9.87192531016733
19.3823787209386
-45.4277180575169
24.5531406106325
-21.7474633497287
17.5875110786217
28.603928572085
28.586163633301
27.2113650752105
11.2560871941036
13.5636283145394
38.4178704714512
0.887818073746127
-9.01656537607671
32.2802558003741
24.32534390749
-3.00214706565814
5.87069342003984
22.211384066519
41.451984925656
-12.7074483217438
27.6139589088605
-14.6115895289321
33.6284576160843
16.6928458885683
27.486877022547
7.55286934601098
22.1051313890207
-16.4361624922369
3.84534801050145
-21.4053882337976
11.0423394939242
-40.8150747305152
-27.6617823305458
-26.7200145606041
15.0315985721253
-4.30932880533811
2.46794395229544
17.3994812324329
-16.4436874299559
-32.0049185950185
-2.79353896837836
-27.2095042536415
-1.94684829092419
24.7864667395547
16.5976313536772
2.8935162091314
29.2830060139545
-3.17724811189783
-22.7830727323203
14.1856976464905
26.5763414579748
19.85610313118
-16.0194130395235
-1.89444351914782
-37.2059575602273
-22.0887328264381
10.0072140842918
-5.17329462210714
-3.62004327270862
36.6040106308602
25.4908055690031
-4.02614478961231
-17.4994088863767
-21.4930003700028
-49.3143047470152
28.6506971438975
-31.147565901022
30.1630558439438
-28.3525370696241
-6.14595518062494
62.1332903353454
13.7714968063779
8.19015695760696
-2.38405403322677
17.6873883233404
-0.961974147856627
-0.661021275131782
6.43626827829104
-2.26359597420426
20.1106474336294
15.4031809302862
43.1556502175801
-13.4897328136542
-1.69485235265845
30.707563475928
-14.0934729951405
1.85513885035265
-1.08699413840816
-10.9347820313569
-5.77638187313482
13.3183055030663
-1.50755600310885
25.540710248554
-18.1731970201718
13.0460884245751
22.4365129281468
27.1264814168744
-33.4771282484108
-29.2032541929761
22.4953817611472
13.9558668138423
1.09733473396677
-9.72662286867272
37.7722897261456
31.4114848856153
22.2805284016455
0.938157889713628
-24.4642893843881
25.8449365246288
-6.76608648661088
30.1923695240901
29.2012102930237
5.854264637767
14.4046460488832
50.5427404889657
8.46022194234748
48.9680734744496
30.4763081519081
14.300203575463
3.98327236579325
8.87548161516
-10.5165919514523
16.7688324886539
-19.1038031616268
-4.2731307422435
26.7708283532504
-14.3381718393299
-9.67666605540697
15.7693723890728
-9.38876000333459
2.43026314402034
16.4673364519512
16.6121072049592
-4.38560920380507
-3.51824917393623
6.56008533164435
-11.753504071733
-4.77150850534922
5.67068136724177
1.63782215306387
46.546019345154
15.20881745314
16.1119344025098
2.70943327020334
19.688596827863
-11.4978122629725
4.94702807479716
20.1637684822237
15.6040750218545
-36.4483031828912
-7.71535965965456
-11.8997574570046
18.839371674999
-0.510195084437393
-4.48126810042029
14.9148314830057
15.5768236213875
30.4201644431461
17.343666123029
11.7906545741227
11.7790610047665
48.6908533321274
-34.6117161591305
-16.399819206767
27.242886663912
-13.8296755849937
37.5255850042492
9.16005709407561
20.0249462007593
3.51061687172741
-0.633638902397402
-1.26366606143856
34.6113138896741
13.3079304082685
6.35136564992229
-8.92216177620828
20.5491837430586
-14.2296138286085
-11.4507556402469
-38.8051089136498
11.4580018734308
-1.43473760173352
10.6279450578529
-24.5735432678506
14.1213398006551
-0.578587562643084
-1.86428537896286
0.352502021061726
1.77152030123858
31.8180732548581
-7.71331705009253
-18.0017473664752
1.56852213946073
20.8890768874375
29.1299800898856
32.2311261934507
39.2381346738602
33.5745053300158
-9.16557466672306
15.0095113904337
-0.799713690913984
23.8526255864826
-7.69022469379354
2.03004080158256
-17.5806104726585
49.8389200269524
-34.8936758737879
10.3520722282277
8.06824335507586
-3.38801856707103
25.2722468991571
8.95838795246327
-8.35347682626359
-2.18512257220774
33.3643705967716
-14.8963842698089
27.6288391831729
8.32870735785274
-19.4121062783946
-6.9032406472836
-16.3400420366595
-41.7278604006738
-19.1125564089628
-11.8832590050284
-4.70952614798284
-1.76846864715892
0.657805569159849
33.8311468147463
-3.66417867977466
9.65227203555985
5.16713046492864
13.1422454765072
23.4961004772307
25.164981650997
50.2838552897432
-15.0431810787671
35.6806191202977
-11.6451021346972
31.0707351765101
-9.25974307206112
0.505266802305531
9.33133699985469
14.2794485643174
-1.76152697019513
83.5307215365478
18.0171717162539
-15.5147999621714
-26.4406496867105
17.0004107436053
-6.22341342616356
-5.32828487047816
-17.7306701498235
10.9941144752682
0.470104683663041
25.8852724599799
37.1012129858985
24.6472470923638
-4.99267234785175
17.1826222436413
8.99016322018531
3.95935512923928
-0.61459086673535
28.8024162359642
-9.84195481836051
-21.8322359882068
23.8717082085793
-13.9041030968089
40.1530633931289
-5.19610647033933
-4.18037723034396
-5.58947659984255
5.96258779270869
5.2476392498081
-0.516723045313133
41.5692681577485
-10.1741420080001
-23.1955476833751
-25.8715906770795
7.09254313111097
14.7558911318268
-27.0892056783939
-16.1619331449442
6.09826262958185
6.53881476469348
-22.5159630980066
2.60529315426265
5.25190094669467
9.38836125688428
17.0005321969813
3.60259271391168
-13.6205956871924
27.9941057286571
-31.3890418269901
-7.66398291685831
15.191521706498
1.90520958543971
9.37059619389173
19.3956378930404
-53.9810357022352
-5.49459073205963
41.5568564718573
13.0065210352569
7.33991662570173
-0.997255077620604
-7.75539030168784
-19.2327686366866
17.7450611635295
4.75821253050425
21.3271892053442
-0.449793913171128
28.8791823463099
-8.37069577814827
66.4783366336934
-25.7128334544662
-0.71208099254831
21.8477345582384
40.3034941151
-21.5921021694684
45.8369786688938
-10.9160758402007
27.9109654614923
-38.962363912924
19.2364251073503
-4.98402594244993
-20.6817337105592
27.0932081489039
-4.42510491349974
48.0149792625704
6.32514971965657
10.1350950041907
0.327063873428179
19.1146782378566
-12.3534299668122
9.99016783874642
15.9519575535862
19.2233205184316
32.0762911041388
41.8367177960232
-10.6510095832837
23.2790076827861
-0.720627172944088
2.04493405004227
-21.5424701841375
10.3605090147683
-7.59905987696541
1.10200478339046
5.70487890488852
20.473465625394
-16.1724654764714
9.85074002932179
26.8281296066324
30.0424100719311
-23.1845496149619
-11.4028847853262
19.7172305565457
5.74953928502602
23.9527426440314
-26.1931211233942
-4.96694538147044
-35.9704174249778
11.1495268407417
-19.3156935375218
-0.72170334967384
23.2546105947385
13.4006841798768
8.87463963929221
47.1110616084457
8.80976543594183
-15.1955779768769
10.4951897315948
6.94717278956955
-6.85167621408052
52.7027588240671
-2.15034732931532
4.76725407717043
35.3440387307949
-2.79409141412215
41.0234683616623
-20.2775566131388
22.4898073379981
-28.0605721870981
-4.68182532711628
46.1484474098674
-6.32185373607246
11.6539516179359
-6.19498049753527
19.5917407076427
-0.372134754661224
-26.5786479347963
2.17736387086442
-0.781998085506651
4.68112719289999
-6.4723884883479
-13.4176764655923
53.4753945927649
3.4117084649701
-12.3244531854132
27.6807486338456
-8.02343869291114
-7.71307983435036
0.296185843085817
-27.5734657173348
-8.66842743769646
-12.0025707207835
50.5447724617594
27.7742102022154
-26.1345137719695
-0.857784156538335
12.6460884606039
41.7806360108679
-2.44744397831077
17.0092566956844
10.8525389984338
-23.9708934228684
27.8342428015548
15.8491500711506
17.2146957699608
11.5612167599019
-24.1608980155856
-7.62234229492527
4.33217808237173
1.38780330999726
-1.16173046654728
26.5969542616253
15.939635986642
-13.1400805924142
20.1006843724584
-14.6686037815278
8.78014274751301
14.3401180260461
-12.1848931616357
15.1959893750312
-11.5343167937203
-10.0386465960195
9.25150971339977
22.8902700917253
50.6593940514729
50.8991504004357
-10.6876197251718
-27.8144349740547
-20.8997388619512
16.2154200749059
3.7922572913762
27.3312918152339
-14.5485177609798
-9.36977104577436
52.7468852994095
75.7500629891508
34.9668009880954
34.2036112907193
-31.3917461293592
13.4363483720513
1.70153884566934
8.84352862758998
-1.62977928013199
6.36790512459421
-18.2578971434416
28.5681386921522
39.6081614215901
-12.1551576466792
50.2497423945757
-31.1765356702839
37.8786485342018
-22.9769083908902
-1.24244635224203
-0.407568822272435
47.551739307107
-10.6592896186374
13.4296242068374
26.8720356230947
-20.5275949004889
28.472363163711
-8.3354973228598
-14.8790518138953
6.38624500216078
24.2193563136153
11.2462091141624
-3.19003879194219
16.0294581429478
58.1878654697747
-22.662862785517
13.44913767451
-35.8903462268108
-11.5053099312696
-1.96696430555187
-16.6632234178196
18.7842152209385
10.3848978937601
-13.5707374842216
-3.12477606425551
-12.2690254260102
-7.61856748425283
25.8100871179419
-13.8828539050199
23.3642882213062
38.4061189539895
-0.251874684063311
-7.92366224907445
-4.92639948850747
2.96599462912908
-15.3874723010177
11.0543706951596
48.974264717245
22.9964134769935
-49.5628058745494
27.0198134876188
10.2755903409135
21.7267773389389
13.6643201753705
32.9398244154541
-7.12134903856184
46.4863961823536
22.0752920470102
21.8824290316999
-0.132262304581631
30.9153488270814
4.44414067196089
10.7990453467807
23.4166008077571
-3.97867882068117
7.47606650381026
-9.47184984182908
21.4227828698887
7.78303975353606
27.2332617096987
1.57150597881161
-2.0125488989072
1.67863927232762
-33.3411738293891
3.57123086869382
58.0872594483416
20.8864151434334
17.8550330740211
52.4536337857077
-15.1079631871255
-1.94376477985987
-39.2093336055272
20.5454809733436
1.49494354790024
-4.23779423480043
24.0732117011561
16.08708251922
49.0313050084689
29.6595460546599
28.1508083612293
17.8676190583794
-13.6452733962237
25.9343677401774
45.2280367350674
1.80218435412884
17.3071585886926
-2.5439231030063
-9.07387717589353
-5.22533390458694
2.9701175850682
-1.38277340896648
35.3888823185399
25.8033605701822
-11.5208070478117
25.3470388840172
-8.44781790406592
12.0622474482048
-22.0428096518742
-19.1001461909908
13.6650661493228
-0.173702453919168
-1.12537747022735
44.484134321599
22.5094006830583
24.6567620429709
-36.500365489119
-1.50067943400729
15.1196183946581
-12.0029464629311
10.8519307830522
33.3526878118033
-16.7318969573847
-32.7281747024036
10.1903934173292
33.4082007895616
10.1274076920252
-10.1013626419837
-6.98349412713972
28.280743306585
-34.3727904717659
-25.2375022711639
43.2068168333892
29.2868047742932
3.24945538149848
22.3921515292746
-3.36616065177457
16.2285000479488
27.8996126647594
4.2962837204672
7.25841410469293
-8.84567686272217
27.0484741356812
21.4962848586504
-18.2320248417682
4.06075966484026
8.8892346178629
-21.0131843096376
3.06832752199675
-14.3234757662934
16.1107207495015
18.6507572243444
30.8828156500948
7.55439070875801
26.9016212973764
3.68694176736807
4.22623668278492
-5.84191390753564
48.400886140836
0.198485307993566
13.9884982962484
7.55590003456761
-0.613341452957066
-8.79350343501118
22.9271507598296
14.2641907863544
0.490435172577013
13.4717861433356
19.9165432248884
14.2136105478059
-19.9385878965198
34.4403709842675
46.1253173280451
22.051195950148
12.2436072502313
26.8942597616474
-0.752015824624823
45.6440164222459
27.7128543979289
8.7118083763241
-31.6014491249844
-0.396043454700504
15.5857377978341
-6.66788152931593
-3.81613155491087
3.15446791112376
0.438310502366737
9.74226209923838
30.6206942310448
-5.97307632692345
12.5854514737645
18.9058492413211
-5.17316383050674
4.2197944145152
23.87055013325
6.4288701010405
31.9959656284919
21.0272411458927
13.2650393901805
-1.79515529394422
40.1662720236436
-4.37422044305189
30.8136815339443
-19.4831640461938
10.6291756032237
0.863988325176279
16.6372198697401
55.5286485337362
8.50873745092083
3.70874545998773
25.9618538044655
-10.8484310635753
-8.18552078637975
8.68902205859425
8.68433579430929
-23.250973037649
2.30734585738445
6.18965092017013
5.70907892658547
-5.38141513308823
-11.2648383781991
-51.5634842795749
-22.7311106285152
-5.8987291667467
32.4612253956031
12.5448212770729
36.8296431694394
4.29989150451844
5.17820601689203
-1.1264119693436
9.38156045499661
-1.78899809558247
12.6034587547162
-8.88974769263524
11.0844601593096
51.0243262727143
-31.7075567494827
8.08732078299689
44.8127957048286
12.3918573669442
18.9747952718559
13.7003940412094
-0.650818841506541
-21.3437508261507
2.93060225042306
11.7419184937525
-13.3936722040133
-6.69324117714752
4.13117293707043
-3.66226338397369
-13.0036140954266
-30.8187043049056
3.97928192908253
-8.31932748153322
41.7422925499924
22.791404424
0.196954008562733
-1.91920015706513
6.52039412898774
5.83227319828209
-8.50037765423442
22.8355928681157
31.1178351593105
-17.0575101160691
22.253475712271
-0.838067133639981
25.3883905065355
17.2341285472442
11.2421852201856
-1.79963531558207
-10.6447344997187
-9.19906168631194
3.66050046633894
9.60006449566508
-14.1445988140877
-0.721504424039316
-8.59554584804557
52.0358250373352
14.8247227324143
-22.2689037381238
-2.09858736927523
-3.54517557709309
-1.75260792703178
16.6572709120058
3.29835244743776
40.5769613977877
19.7745032645451
6.65311579472956
29.5264303090723
-9.9290883564492
2.40975782593005
-24.8803491409129
-32.7841969352062
-3.26445629932352
-19.1278138820502
33.1283445353628
-1.94740101896014
-14.8285521641107
11.3954796718423
-7.16675369889874
24.734602579835
-3.98847727165184
20.0143434655691
-29.4188046447208
-14.6094470556979
-4.20136159821823
5.91450200054262
6.38396952415573
-13.4511888914749
32.3193528570901
22.1048046527909
4.99489203049755
21.4511150089265
-10.2967883506274
-29.4474540236805
-24.9900968436848
19.2705946754905
47.0043527581195
-7.88502633352829
-1.18207698965559
19.5468211042668
-8.89938607266339
-24.7521127700264
30.8106230678397
-34.0902791356578
-13.0958747365184
6.9969729193986
6.51172713884212
-40.6070349212149
25.4262370880546
17.5569817920054
13.322516759991
-0.911101861138107
-24.4125476830046
-1.43763563556156
14.9311650424894
-3.27061628673173
30.1561609710191
10.4271255252882
5.03318155098841
52.5406311573533
9.42448213001251
-2.2826733343752
17.4462208749456
12.6633435797592
12.7812033540536
-13.0796040039762
3.36134834655096
25.765862698514
-35.2082706051491
48.4062636143956
-6.07340521650395
50.4733373709765
-4.06291434752522
-9.34985953487413
57.0765936149478
-1.35915257917335
28.0538773658384
15.5778588657551
-18.8199047999616
7.13600216617798
-1.97119055783568
18.5371468277069
1.80029450978839
22.7152471500785
-7.92717448287769
-3.46564155831025
-34.5233635706075
21.7343708849428
-16.3690331020414
23.1260143126483
-12.1077732150135
31.1579191771441
15.9702196766021
-11.2983356054722
3.82007081456196
11.1264179872893
21.2235515355611
7.25457153261205
16.2675353052666
-8.52013067502813
-2.24152279420347
27.8033130778733
20.4381089397078
41.7572010422284
22.024068882437
12.1988472209637
-5.10291778814812
17.6030440688507
-22.2869432681311
-4.23140993804729
-23.4667919492314
-16.3676530434546
25.3079162855072
31.6818265392493
33.29628512822
22.9744360956578
44.2893359903283
5.95890303323311
10.12635451646
17.0361132033041
18.7172544043253
5.79171972859774
-53.0121469395097
-1.44543098657993
50.1838113910289
-24.2237254992002
-11.338103501261
-23.5331019130563
9.6737539151249
-2.10255138344043
-14.5249234892324
-26.7676913678987
52.2443517102663
25.6197371690045
13.4800589181351
14.573801796543
-5.87506009887042
4.21733366252415
-5.24109939063328
2.29150532679212
26.2748888039302
7.74842568817144
-27.7944398143436
-13.7636298692075
10.1174828193366
-0.63567385619625
22.2672428069982
23.9201450705587
61.6083986317938
2.66836887430507
-7.12592366194606
-15.318472770474
43.8402857209454
-29.3338922829185
3.87358360562297
-51.4361572846307
-11.6726246937148
-17.5710512134751
28.4100796570756
-38.4540386937575
6.23774425518253
-5.12989310688926
-35.6110175653547
-15.5459988119
-1.85864239269566
-12.0626497176612
8.2082225375341
7.64184121576797
-15.1150552580567
-2.20204879842122
-4.07298631700896
-4.49449992405829
-10.9854720250946
32.5504925429523
-1.36737809826646
19.9005021652421
12.2815455879919
-7.90082384279651
-22.4921947084591
24.0127424184392
14.6946525691173
26.9364336673328
29.086792439203
-7.45589604381018
5.47356643364513
41.0945265133789
20.6930859395696
13.5179318092829
-5.51586783689675
15.6985350575702
9.74544733710304
-22.5336996269083
-12.4738671023403
-2.96646635374685
-7.07852173945863
-33.7223314131777
-23.0008343559175
34.1835723305578
-2.37664756787862
-10.1354874160051
-2.14684803578438
11.7117415416185
10.3428302315494
-2.14335045858974
18.0251006479191
25.4003866132104
21.0874452659444
-7.53723045419591
47.4266235517655
-7.44036788642286
5.61835127867746
-1.69713937076673
3.48288061754983
32.3597282455925
-1.47739601108735
8.88125081989472
-7.92172797194913
25.8006075216041
5.24556907724022
1.10089091501241
-10.7963987593575
16.5697929436152
-1.18175215042906
-1.76020753667114
-20.8722166755592
20.1614852581219
-7.92164977702269
42.124500362216
-31.0301732411993
-2.44303921576095
15.8362382200224
31.0545999329099
31.3677360042571
15.6622245066984
22.8875343420103
32.1814780158419
2.5860224804252
20.7983066472894
-14.4873961123885
3.00046824850167
-23.8884404580549
46.0952203210488
-5.45448896369545
-3.28906433865139
-20.022967787571
24.7558963399092
26.3777256786248
-0.266318613748648
19.8413514240059
4.78306847880105
-11.6540149561415
18.9509509795943
20.0848222408705
-17.0264631508106
30.0194803949542
-1.25424977758487
30.3581038343948
-15.0825553125024
-23.859314197315
-2.84722359631887
-18.0443899561768
-21.4887987335947
-9.8983326941094
21.5953337001081
16.8570457603534
7.19536371190249
33.0836998055023
27.6142759906986
34.9080420119094
-7.50776944012909
28.6791735116424
2.32265802739953
31.6383103343755
-20.5858507191411
-6.48545995875118
18.2516079082559
-2.16951079988466
12.3381976936301
10.5487102687525
-44.1386677170025
-15.2812192283103
-1.02616396211084
10.061861712392
25.724686198756
36.3614196734703
38.7738082210659
-24.0016076560118
6.93109158797912
-7.45386085288592
-0.424452783704765
-13.4737039377373
9.92002735106973
55.023061785581
24.560912858861
9.0223440401063
0.255418283032521
40.0313321852039
0.0173314211553013
-6.11353528183356
14.4830072792697
7.08686246448719
59.7839093624665
21.1501049889782
12.1664552578038
-18.211733896339
-20.8420487680657
4.11776034482923
-4.53458857148321
60.8601937358685
8.42486868933389
10.1485321445575
-3.57419472489835
41.5387703297697
25.152884348231
36.0242153957256
30.6582210545961
-0.247964305407193
10.9936366449863
-3.02457104447186
18.4217528753706
-5.7152295450323
-10.1160988343811
5.90699935261202
-7.58074492015011
-35.3006296081187
34.2356915807587
-16.4719831081393
-6.66005599562052
12.9418246533796
-48.6716233566648
8.79755547602333
25.6386055200652
40.2339405805599
59.5630783537043
-3.72333636539781
-19.8112397296641
-8.22325258790937
33.5118591795887
13.3726649221698
20.3610735903981
39.1581706789613
19.9312504766942
-19.1269127151638
-4.04996886975575
7.18899456859212
-11.9709934189027
6.72531143703155
3.35815209929232
19.6248530916692
17.7082351923527
0.531822510698512
9.57862257737724
8.67984727003179
15.2458814756437
43.8183759316429
4.54236275874367
-17.1001295916892
24.8072795415499
-1.54144253384458
9.43588666525121
-7.44682229325517
-26.549011809261
18.4619804331183
21.0609246746953
0.622663448093459
-0.761478720558826
39.4571380780559
-28.0133052905934
-21.4636429006977
38.9804577302201
18.412353461296
-0.170557278956865
-21.113974193596
3.55340446926221
-14.438788079739
-17.7603101596988
-3.71212840712291
38.5141707019634
38.8121433712603
-9.63803076090354
20.5219450683219
19.3344500751684
-18.164821005486
-14.493508098839
3.96104836274086
-15.8745098802039
-6.97705402687373
-28.1802097470398
14.2719771491906
7.55964573527323
-2.75588137581
-4.78594573906469
-7.2943819221538
-6.02537562305971
31.0036657338763
-12.6046275038269
-4.02427747218574
46.4876240290114
14.536893520266
-20.8523690981858
16.5393541598632
39.1470361053545
14.5566463942678
-5.83074670095595
31.5342129123
-8.93044268102184
-34.3801811965036
-17.3965707470132
28.5420942261404
-24.2350205389585
51.122366687559
11.0610917664515
-7.30706445042841
38.0169959889728
0.937908162783239
-6.03730421674329
-12.9755171622107
16.8258194379525
20.8532609462931
17.7906411272935
-7.00182826852973
17.9529364416713
-32.9381574156775
24.7871171519673
-33.8740541524589
-32.3496231268564
16.1280227178625
-19.1447741526974
-39.7396108674857
15.2976515756179
35.0843165692133
36.7864662458586
-10.7373349189378
55.276274832111
51.9643410987181
-0.969182127946033
-9.40005502050954
9.48651900363952
11.7585469130361
-1.38197080720821
8.90317208155037
-7.54344866153781
3.49085786634001
-5.85312573885888
-43.510245253352
-1.55211706157515
-12.7409112900412
4.02783612297255
-10.0225470906058
10.6015883315529
51.2033118509405
0.21862722574921
-24.9420559585544
15.1247344205171
-13.3610796327577
-49.5469182915009
13.018202747515
34.5442112946498
-5.21537659088413
-9.74612862412362
17.8103045937246
4.03914143816525
20.5175599194308
-31.3498183937231
2.03653976540832
17.0368533959131
28.9502095475148
-19.1279055253748
-0.360695418445902
-22.0749196955065
13.7749235734088
3.56367409971161
-7.99052576522837
66.5425709597743
6.65812072168871
-13.7547543893692
15.8732963934327
9.52858369613674
12.9405229929695
-4.10982222486953
1.87609480834461
9.51180832684989
8.29203677156876
24.3381445242182
21.3165676807883
21.6283364079873
-3.38822406446686
0.593992231012813
-4.35694198398129
34.8902608582641
0.847617220836173
12.0412400227075
15.9727342673526
30.243674113012
-12.8262021491624
9.41725271830282
1.87459751947242
4.3573935918299
-24.1606894129761
-19.875955262241
17.905029814689
17.4173840427046
11.7504007067464
3.6775677144205
26.8927629696094
37.7540449810347
-49.4830721510057
-16.167127173771
-31.7666790921282
-26.2587819394753
44.0113268978964
28.9730731794196
10.332742205288
35.2174720615361
16.7102776435697
4.45194898583493
-27.0485598765921
-6.19074253577292
-2.74742243498124
-0.924291532911793
17.8263582548926
5.24969618851983
61.0680919474248
-25.2550017762821
-46.8546593073488
44.5067393061414
22.7868211737675
1.51509463450502
28.5677198722221
61.556710215877
0.51606875671405
-7.48376118129324
39.9024682111107
11.3420850031099
23.0718665110346
-8.92122950072653
-25.8384863327335
-1.15900394213989
23.7371758983835
-32.2310410572754
11.4248807948059
16.1988484866786
-2.38373500921861
-4.91161439181746
13.8703872028958
-32.062519360375
-3.84595935681817
-24.1076992463158
15.513934902959
-8.88238792970092
34.2855752916484
36.7994940400199
0.0139111694272662
29.9381877412238
-9.92169956258984
18.4933889468749
15.8513142244221
29.6705639964407
-17.2555984155933
27.6297652030605
20.2897708155932
-19.4820816929118
21.0222171698591
12.2150031170579
32.9190877420067
9.3338614934139
-19.721739239621
33.8450941812425
27.5443367660355
4.79225292175517
22.4797594649726
6.41854485903695
-3.02094796018593
12.2809129486932
4.86456727355343
-22.9145565130953
-3.71292066569667
14.2985937536469
-5.45293675206191
23.0812535155461
3.0773246245863
20.4939742745317
26.2983319816255
12.9622410494416
-2.90023322984606
-12.4735517481301
16.8493992563416
40.380557592
-1.04135060245124
-25.2581491192481
33.1888074608605
12.8567833518135
-2.16391870524683
58.0650406733399
55.9944983253226
17.1521025436666
20.9584592061408
-7.29130841552338
20.4857424320944
10.0552616992671
-7.33123908096766
8.66734871719923
-21.9534967844878
16.5398177287455
-0.626210610219977
32.0695429440919
1.24433259139647
-5.62344805534965
-45.7216298751484
22.3178943186696
11.0999600874816
-18.5279308050448
18.7800368341122
8.31773741702969
-2.98742877058325
33.6845475651286
63.6902731466334
18.9312027803505
32.8798167594493
28.1818118534963
5.18572661860354
26.8111134195555
-8.83832868505781
-27.612087924774
33.7320651935238
6.2973851007634
5.78667736969905
40.1968276198886
19.4176046037327
1.01225421637472
-12.9314233650081
-2.98249891075347
-18.4360204207651
-4.83533500960226
-28.6659320593342
12.1028680695465
26.0270113049292
1.17835225447303
11.5649492267513
-7.55861067471074
36.827031944439
-1.25420602230113
22.7207157362535
11.7483808838069
0.0439822281288249
3.34044108960126
-2.18067936146666
-11.7399599313484
4.78506015156699
1.65808635978031
-21.6219980715348
12.2790316521592
8.61080047249004
-20.6783705608879
39.3733661878443
16.3643429954451
-9.70131320913563
-8.71761405634313
-0.454071621668619
-20.1199548010168
-0.485010118990187
48.7404486194784
31.0425566721537
18.0870743219789
-11.4537571849616
-15.2180552863242
27.4528684964343
21.4356418872174
-8.84168319658921
-2.37798280976321
18.2222473224455
-14.6503799260362
25.1624697476679
-8.40456429864463
-7.95751571775322
4.19303875294428
-11.9108867009355
27.5259828867781
0.782475415816225
26.5823496512464
23.664737800997
37.5952070680323
-33.8678060898989
-4.87572870192791
28.5985144795873
21.5193256684022
26.1621083800982
4.40242554748277
-24.9153121984207
-14.8665345507388
21.5146961335484
52.1141748744104
-22.7690884871772
36.3410385639274
-9.11810246478113
-38.0245462457902
-2.12681964464106
-37.7168752150285
61.0957897985779
-10.6578482349032
-36.4027304345146
-39.3199687670785
5.85441304439777
17.3905435241124
26.9872551979222
72.8042344912292
-42.0639001894116
8.67390586708364
22.9034329683278
10.8317818305761
-12.0550220255984
-4.67679523098875
35.3244887796845
-3.0329327751747
33.8374639937172
0.921305974086512
-33.6036600150678
0.669490409214971
-17.1838217851801
21.0080755186113
-31.1436910911772
9.13230450082819
-28.0628354587904
14.9069421061169
-2.50116785615224
-2.31173208212373
33.7520581513561
-1.67398319385775
-16.6144670124144
6.50303171623082
-16.1442600414435
4.02391651900887
35.2777450044147
-22.1639297085793
36.9480380228643
8.43248114891206
-9.59490304649091
-10.3308199456548
-5.36452223993218
34.2616121092236
32.9931110001669
16.1554392592391
7.96549743491304
-22.3010841854192
-21.7876723665278
3.3256234051051
31.0571594758628
-19.5451512815687
40.087309285137
14.4724204879404
23.9792126936933
15.6516298676472
4.64680494987164
-26.836889959577
-6.36605329120739
2.4398477191641
14.2808829359145
34.2086897491386
-17.8205727819763
51.4652423049947
-5.23078586939988
0.273686977809711
-1.62766064364725
0.0956499802599904
23.9435308864885
10.5534145319851
-11.5317056703452
38.2520495539139
-40.5659287573697
5.65737081796811
-12.7107906269625
-0.276700483558145
4.22057420706747
-9.29933969555472
13.8919073274018
-23.3867133098433
26.8534424730083
-21.0716937734353
33.9087978884089
-22.0878929734073
14.6438526169401
-6.87084747591328
3.48951911274107
27.0084241171145
-3.20667976758074
-7.53254204449058
1.12057012205392
17.3605108571437
31.5456062236027
5.10211203287132
9.0771780826528
-40.4598241138765
7.62900043451229
27.8577450460602
15.6240916131858
11.6297437559644
39.4026605140405
-21.6842569284194
-6.54696706034016
63.1726606850022
1.03641898927199
-8.22171204058762
-19.7939297893726
-6.10171052649561
33.4134016159834
-0.979176839713304
12.2686432896302
36.8144791689297
-10.5292060295256
-4.92746678997196
-15.1396493182772
53.1613443465088
-6.47655339290098
-12.4195585861579
-14.6519185763547
20.4809711075378
16.0131352315241
-2.23144508854318
-1.6441800755763
18.4637211029932
40.1274738578594
9.15332554409898
27.1477179168082
21.7416093300014
8.03577449553345
-5.45928162953878
-41.8328957892408
12.9575685384304
33.5354772880855
19.5362690348723
22.4699342188307
9.44946034468671
25.9642166914129
52.4562822732722
27.6832098939625
-32.0358635963513
31.4409568526177
0.669506206283878
48.7818842973082
19.3956742635614
-25.6528091093494
14.681343013512
10.8645214986269
-33.6933906635492
8.92529249467423
-6.58588907333774
-22.268749651775
9.64656084750847
54.3587123496364
9.0670305379138
31.174106238292
23.3961394594925
0.151744739562619
-13.2473490474131
1.03366398723215
-17.5672718522531
1.98711939756713
36.3650771973989
-43.1578525398888
26.4307040906398
2.65286943167558
-14.5309457632367
50.2560423537251
-11.1616566779935
-10.0306847039225
3.11619100344633
-6.40543745033482
20.1141523617117
-6.05827098087886
-36.4772277289501
-21.5560856653951
18.5679030772144
10.9278768459846
-45.9619447109071
-6.59948547164572
3.80576865199595
4.33346170995903
20.9179801825431
6.81152936616721
41.7700169817747
-38.1215020828907
5.91710594240543
26.1595690605551
3.81576987906609
10.7411517428362
24.8782550155407
-4.48329866175324
-9.36969805631522
18.2989948579675
-18.9666037777511
8.70273216418155
-28.5529284327426
5.0866562664838
-7.72001397975948
4.04455478541165
-2.09016167117049
-0.175538854709133
2.96580594505389
10.3308801046204
18.5034259460067
24.171551819934
2.66026371329439
31.0046743185729
23.2418107232616
21.4499025754203
42.225974906271
8.8962748373715
37.7711738704308
24.7413495542549
22.7973713235754
29.836509856485
0.533982655421463
30.3758277504832
20.2326973042287
5.09471176665885
6.92090396904605
-27.8772273518171
6.70938287645414
16.7914871904902
-9.97127498786493
0.371669285637608
-18.9322253811677
10.0813814017836
31.3976460999729
-2.38693636031937
48.0742129751163
-14.9697462416627
-35.2178579128809
9.21262311112988
-16.2749394928323
-24.1406511754824
-7.02497625896627
-33.5735666327028
-22.391408053923
-17.6559842390629
-24.0724001708122
44.6047395338751
36.5731217717908
-39.6905206798386
14.1912355071599
-26.0523764436583
-13.5964382425995
-48.6150705501145
24.4106210472126
30.8695051121128
3.94014152358356
-39.3858215644072
38.0729435611468
7.52311139447406
-36.7493315631212
-1.23935742116835
1.92703702447531
-6.36720100076878
2.09215435705005
26.520584692713
18.8191047356946
28.9287038989505
-19.616243545469
31.9421641203083
29.1947969201788
16.0237420317212
26.2029630893851
19.9816203059634
13.401751526508
-5.17153123335966
-0.47796420847178
13.2024864752057
9.9509624270104
24.424547975757
23.2213799077164
-0.065966342447549
5.46346095043696
-12.9541794774775
30.1220992610648
-41.9106054328794
-2.23266924281965
28.7130987954449
31.7461903358034
54.1210246601555
6.63766405947394
-11.6037717631322
-6.4389997403034
-7.39026412315387
12.9718955765809
-15.4683774805386
42.5680546517935
39.7344527092077
3.44949562963681
-1.66422786583641
1.56580626311332
23.25864115081
9.38879587388334
0.498227587757016
5.83192577568333
-20.0611131583967
16.5761117260054
-5.19474425261658
18.8119599438807
57.3291124373231
-48.1259548377216
2.71813879887372
15.7720110302871
-31.5878372231913
17.6647463359427
-48.7049427285898
37.1379787723882
27.2979730869351
-22.1303057772961
9.82127072715734
15.3261166065099
27.1571753136911
1.10748612917072
-19.6096101654116
13.8316373881117
49.8958051365338
-5.68074857477208
-6.51635578479088
23.91602231787
20.5062767924014
0.849305294037194
-10.1660213886711
21.2645117656548
27.7323624568838
22.4585514200878
13.4146077434987
-14.6060934813765
9.42705960416303
-24.6514818504254
52.4971603676411
19.7141553561623
-23.6046249547824
-23.3505545418164
31.2808944804633
10.6093989037642
18.6951599507878
2.66979048629685
11.2770104513725
-9.61581253919445
-25.2580037952477
-0.250889845782645
2.62655216981858
6.89000723967145
7.06057499009818
-6.9805856936688
-19.7747287513635
9.80665963535056
28.6985148149765
24.9057066176027
15.8903579505045
40.161534732229
40.5415267768838
12.3368846850755
6.26203639829934
-17.8654522998664
-2.53793749310694
-0.385089988447531
-24.7812395501838
-14.5753055925645
69.6751764800171
14.5483120459038
-31.3156175250289
8.9549653520645
-36.9887314900114
-3.75859001444808
44.1478861335021
-7.70087362327163
-10.0676435217865
-17.2434676216863
-10.7147927613371
-10.307747044931
24.6171843217599
-5.77825509611327
3.36119571682958
-10.0489397244678
-6.77301704126382
25.447668121157
-29.1153093924059
2.79911381747337
-19.7947864670157
-14.1317477122309
-1.6981426935376
-17.633036427638
-10.3119239525465
2.15983425081934
11.3058670666477
15.1896241951027
4.74186020423819
-14.0053463080902
12.0379654901889
41.6809502618542
-11.2998452587407
2.25317088797389
19.6427502222227
20.9897703403963
-4.72614704700345
-2.49285561690968
11.0253176948793
26.1929537548843
-30.1173489986409
-29.9923235767884
19.6983822369361
-7.13390403853333
-12.764829971931
1.00096281253935
28.592058706461
59.4109578760709
5.30275533609069
-14.9520930792797
35.380318873156
-24.1743305376528
-1.1853921835359
-7.66990590306639
25.7086823113404
9.20062337982371
16.7358945837614
-21.6121533472344
57.8038875050836
-29.2013465416466
-5.77225993344745
-2.56702229077538
8.61112058050008
-29.8771265514581
19.4525633026496
27.2896469250436
48.123979658971
-7.02627997446316
12.8753803523648
-7.32230866707638
19.7732518747217
40.7215423488435
18.8288254998647
24.8759873626741
-15.3800740447253
-9.00116572936922
-3.38584063794244
16.4162900587243
2.01765534627827
20.4143572053974
-8.90903664771252
10.3129296434333
-4.38741161661981
-14.4034865313562
6.30421622082832
-13.7927851495808
-6.96404481882777
-8.18278645941722
-13.5421638611842
1.03156521282332
5.21654929710051
-29.8971282716388
-26.5217944419361
1.87589982350856
1.54796233898488
14.8311740904914
31.4813396823413
13.2537673854618
4.37753092516098
-38.4239894054268
-31.7846911155881
52.6218829125966
-26.9175197800401
-20.2925788013624
-1.72669351866075
23.6041751247441
18.4160984619171
-35.0789441010088
12.6299186531523
-5.45543122102772
-18.1883946811979
-6.37007507363881
55.2361856088101
-9.65187754105973
53.1360561976338
23.6461632257343
5.75780659464948
39.8305902491062
5.12786504917254
6.52423271510343
-13.274825333101
14.2202009291226
11.5387045478527
7.32716314047148
49.3666010251331
45.6304810667931
37.4152113016901
7.57960486321384
-15.3076616585081
20.4358649090486
-1.83849778751869
7.447237880625
3.6253067083919
-19.0213573331589
-24.149494914391
17.3143533462176
6.63904589085549
-5.39115696754465
18.3315580595476
-29.5764093926811
-15.0318989905728
15.199056897068
-1.2876974343559
4.0908182913954
7.27826403073701
-5.17921011063564
-12.5084697518102
9.50868418829885
19.2661155910626
23.4434739028637
21.953542569137
10.0647676391086
-0.182845749969014
-9.53638814010057
-19.6041328055965
21.6406212543682
21.3910480038195
-5.53849498701893
-6.67791206960327
-1.37962086053316
7.1382577256487
-1.39981667350671
25.0592836888715
23.6219730352516
20.2655022608088
18.8027870861966
9.47753167965012
10.4028422800201
-13.2302944347283
31.9905887759751
1.16401610393175
-11.0015745905552
25.3470452864032
36.6660331075874
7.15670138510247
21.4041286091969
37.4136068885916
-7.58171831995275
-6.27157416125046
-31.4860179665423
2.18461462386086
47.9925717696185
31.1119604111856
46.1204348820054
20.2604980678092
6.97858731050323
41.2445042806527
-23.5710045916721
-32.4569221823247
6.08290877066161
21.0672168764564
-1.70912035787391
24.4158982844744
20.6039277569916
33.0106328628237
5.10503578916035
-5.54133253128437
-19.4905517786347
33.839963679442
-9.39936785365858
54.7922369570947
13.3379746379238
11.8076304611718
19.3035046108765
-5.64314616467375
-50.4228836476175
5.65096753989059
-32.0735601339451
10.1451060663195
-0.938107791640371
-7.86936137736355
5.84375566873842
0.0135055607698735
27.7184777818289
-0.977732350765442
0.0632003278756512
45.0479044296565
-17.828767339266
1.59971073633835
-3.18628447568007
-0.215452593915926
-24.0548471318101
47.8432404175004
-32.1833532857536
-5.28862235999601
-1.56207210564905
-16.9721627872256
12.3162301021863
13.6576583515557
25.7359303243015
39.4688596273827
-5.85198742398038
17.9616180319671
45.8873563233015
12.9248641907737
47.7587924601652
21.6889819652164
1.36494551589422
-11.3404661284996
2.04714340393337
-1.57693389547122
-12.9766256105794
14.2780749081166
16.5309670002832
9.88727049707264
-1.25006243645144
-20.2701858633939
18.1574560226546
15.4545899108464
19.0326984624419
0.635638927872962
17.9127799199211
18.0721706400012
-31.4664654860941
27.8668050207582
5.69747230404014
64.6930426474597
-12.902350028401
-7.15168617455531
-2.74765139650087
32.6396303892037
5.68321779238957
15.3462861663132
42.1258466586614
-33.8268832014112
-34.3829617177541
-6.05237574963529
-8.28592423496374
-3.08880460271813
-41.0538545180033
13.7595055664197
29.3494340323579
42.1479300689298
-6.36584197859321
8.66168085534749
18.6595597598903
-19.6144788130109
13.5009893456247
5.7178776116664
-15.6863747277503
10.3301460659803
-1.05707446734251
21.4480220693043
17.5617519309349
-4.77165406647507
1.92077658622731
0.361211569572385
-21.479707526093
13.072976006915
-0.828808391391155
9.70678368917572
11.5305046383038
3.05392995597463
14.7445232832763
-6.50473079067221
-24.2056516311754
16.0696755946364
34.6128669256007
-1.16702009078881
-29.1553370986007
10.0796892409922
3.24067249348643
34.6273479145999
-18.3566790720227
18.5228791725337
1.96909843109186
15.6812970114443
-20.2999512448603
20.5006253373696
-18.7632522200725
28.5696755470926
-6.0405365409391
25.293624850043
13.609050973824
21.7451977375193
7.84834256670851
29.5104049109947
-13.2367853475819
-0.861362175704957
-13.840599647696
11.4496311206707
6.71696854086116
16.965122417787
7.6450031475925
2.58082934364166
18.534785363512
7.07444460204368
27.3654335154928
29.6341240428458
3.38064623335196
1.71015585881216
8.63590194721002
33.3703518706635
3.1980978458603
-49.6702382396641
-0.9769264857099
19.7436210111122
25.3341077805642
17.1863957557699
-0.806192261954604
0.344189081734641
0.630575995522161
-19.1744587421496
-2.58064878142688
13.2427782826474
-7.09272194939058
29.2477365000852
-13.600248520458
11.6180379698315
-2.92258243511422
0.726846777316961
16.4939397209261
26.5590015156733
40.6339526040519
12.0603148761241
23.8871038241548
30.9185986646824
8.78029753394646
7.21986455925394
-15.1569605909877
25.5297970823288
-7.24518677828412
5.06556968626669
18.1269802247555
-16.4465540277297
24.6636392218235
19.3086731430759
21.1924050566727
-7.80089900362069
-9.08878899917693
21.4018791585284
23.5298330797011
11.308414979164
35.143075195357
-18.696403834778
20.4181187596303
36.5732171526635
-10.1321107276021
16.3586839298168
48.578515384308
-9.71559167045243
16.8420670902881
13.6466592894742
23.2177934310769
-4.64109997538571
-17.3497197571836
41.3551168362484
17.6754283726445
16.6906982776169
12.7076212281954
-5.4243550441772
-23.6953611279135
34.2751863080767
4.51812672401527
-11.657139331818
-6.94727927330785
25.9782671397117
13.2747075689683
-29.5388876503885
15.2125849016331
-15.9967579763531
-30.7844557965877
-10.8581525391216
26.2429340887322
35.1658514183195
-14.6398674452932
16.1941275682089
-20.896771869796
1.89012793519694
-4.64392474875412
0.0883194966677783
22.3669764892195
7.22896450652077
16.3309753628536
12.2867443367434
-19.1380219163518
11.197095191391
-20.8786738714379
-15.8184670965325
-17.677387833368
-6.91813729454085
12.8859335283446
7.91937062608157
6.79559553237241
49.9823754114434
12.1551107943353
26.3784546924646
22.4776578789339
-17.7788846672114
4.47917350079723
26.9151282881137
-3.08892536730125
13.886722761008
-0.27842943266295
34.3252822574989
-1.38341406536228
0.854835690901987
52.8390146181916
11.0131884366416
43.0139974943209
-22.7365123453248
11.2575366401017
20.1963718370396
47.9238893999548
0.0459461120551978
24.2482845859306
32.2568058137921
-1.69677827393606
-6.29190258378589
-22.8749303618425
4.03668960660623
4.7705325730708
42.3600894805385
31.3659142939508
47.4318264445658
38.0835872625742
-1.44608958546498
37.1417402475793
26.8819168534164
-8.0644576736478
13.9673085777702
21.28126100598
0.915217801802056
-30.7727941157808
-3.1196793584715
16.6945668092842
31.7477410117676
28.5063228194061
-14.4024806566643
-11.0656498506537
15.1677207968945
-14.7850267113459
-4.41260216015996
-8.81293586225237
26.3510806642862
-17.1681817045999
9.53788355141478
22.7104422327557
-19.0353807152861
37.2832380263214
27.2374262867929
8.61227656686738
-14.0008388702384
-13.6681599502513
-14.7641858608023
16.411297439703
-7.73334204243832
-12.5720318725243
10.2624096686137
-43.958096210168
9.64655574366637
-16.8747891464467
19.9277593470524
19.4440432963823
29.959498551744
7.11596893090128
30.6912406322544
-37.4166509044759
-30.1497118970007
44.5291715165943
15.7694350240558
5.82582205474708
3.05259872263864
-25.2224392409116
2.10471359140385
4.80388447634348
10.5733010092172
21.6934476464129
6.24051089895078
31.7509973759632
-17.7138337828482
21.7294003863347
14.1869747587749
-16.967103874715
26.1773614607198
39.9564175726324
3.34123625013836
1.57114883407107
7.73331115653866
46.0233984674327
-5.31328820146519
9.67992508130238
24.6168891232094
-1.68062266013402
31.3798374397802
6.53280433566804
18.965003516855
15.0770729247489
10.7797766151133
-1.37220194045522
-3.47390758068149
40.4302235878895
13.9778274834826
30.1881658664702
23.859606095555
0.379303989837455
20.3661456690146
-25.9677430316702
-12.2646440937091
24.504325036792
-28.3608104993414
-30.2337733850865
10.198595957841
-7.99762546933951
-23.2424399217341
2.97025764714293
-0.88488117707259
28.4502193316301
25.8485568311599
6.7094639846356
-15.9908764870916
10.7116630302633
0.249962953297069
3.06129458562567
-22.0319439671892
-26.6004987137472
30.9985977880168
-11.6483617170233
15.500333220142
40.2986833035171
36.2202163819024
-17.7408093838815
39.0241570636595
25.5169092937837
-14.0163441280863
-10.3723689468466
-17.6637658368076
14.674310901434
6.10449227540178
39.318043305622
-13.9029464103571
40.0953372223062
32.3281401827347
25.6280821654285
31.4612835023584
16.5897470015887
4.39158033462472
-24.8186215126939
-4.8955579528947
-2.54250000051196
27.9068286054876
-14.9270874935583
-17.7488358982982
21.5092143022256
-15.9890835254181
2.38999206811435
31.4296628291111
32.6016434068593
8.66384346165804
0.275959644184913
15.2159726445967
35.6719174646757
4.43332098960516
6.4466709586781
22.2172693723705
27.4983394163855
11.5246300143874
-41.96405902163
15.2309611610123
3.97115620591139
-7.11811642078219
10.0085126507798
23.6203464904483
4.17835746072486
37.7698896330925
13.703981522809
26.7122174110696
35.6612237072037
22.5450770928372
-0.552003105617257
-2.07750839965459
2.32823461855227
23.7188689812488
2.95849025357052
-1.41184675686519
18.2696732962244
5.42290473687288
22.3609721238295
-11.484693457821
-14.1835497112184
23.3110761391385
-17.0808803946388
12.8461996092394
-41.7360089669259
15.3821620211441
18.5368363853803
14.3428254336288
21.3943547853937
11.3396363670981
18.6938194469775
-18.7765206061902
3.52084371797809
-13.8168410028736
-13.4380841218893
16.656007846579
25.2728138434259
20.4325158852767
12.2757426324073
-43.2668881098916
10.7806530080404
8.96066785680925
7.74552974330536
-12.6382411032173
27.8649144424581
-41.4131476937759
6.41963219195257
7.6572445096901
-2.59416013075497
20.9742077320746
25.4284248748252
0.925491779550632
6.28871204698233
-19.7572649279735
24.7702954190172
-12.0429885886092
10.3791370900399
-1.01108410724619
14.1354697311326
6.01623751804737
-16.1477020296673
36.6790944041814
-10.9222824396893
-17.9600521831148
37.6077907488866
1.03538951495606
18.7296963067685
-37.5133141401138
31.8416804330027
-7.83905581292449
3.28514667371966
11.9752686626745
-11.7317830907142
14.0798811668273
-1.12669724250192
23.6263651285295
16.3985613549611
-0.258844737034305
-3.09510390694979
-41.9052853436687
40.5789094394784
-15.9777812251056
-7.93702471752093
-10.6732761559928
-8.13371781630723
-3.00342742994813
18.4077265686967
-16.7075501625071
-24.4154920917875
17.8110672116223
-22.0268478485728
-42.1424427868607
9.82805146371876
20.9892907937781
11.2549074048619
33.2249359897519
21.4327251091905
22.3169897191105
3.124090960645
-9.16877922466269
18.300374498762
18.44825431592
-1.05497123271766
-37.086692580761
53.4039118171915
20.9632890780899
36.331953171644
23.1783737595966
9.3221373131243
-11.5284640305083
2.39134569286396
-8.11867543854882
16.8303587183591
-23.6188950263765
-5.43000815908686
-32.7109957005044
8.86228149857667
-15.0804139345618
-6.09737156060088
11.0363751462698
4.28914098374025
10.6260190349501
-27.6300770035276
-27.9060408554347
-11.188513987323
35.4112991271329
-8.10586324784239
36.5972688731993
7.10017124096612
13.911561184608
20.5342606732558
-12.8873372687353
-4.08316713834697
22.6970908640367
-4.44527859476849
13.8997553654276
23.0385873262206
37.671774918953
37.5981376444998
5.40226170537857
1.36492895099067
6.08837518883281
7.32760018518306
14.2833993107514
-4.21016941827321
-31.4070421522632
-2.53064462212122
23.8490285634083
-8.66863484338726
30.6027857862218
-14.6210988675711
-7.22044000930047
21.764071700548
31.8255145211829
-22.4268577718112
36.8742184554302
46.9701223616661
30.4280747096542
7.24550588948768
20.1098912407012
-17.6952212110616
-3.00112774256803
0.463155859061956
-27.7773145495788
-23.587371134171
1.29847377608218
2.20144980520912
40.9144266941489
-15.0185958825203
5.04833345810226
37.9921749884446
17.0490255399748
-0.617519094532098
16.9540131488488
33.4142149109685
-3.31314945999471
-24.123543954832
-14.4142730726131
16.7945967288911
-32.3711695045326
-2.50557106044936
-22.638346886348
13.7694553372761
8.67735901149334
-7.19380672702383
-7.57080130326261
32.7239993611944
-16.46211582305
23.5277277786977
-24.238047422217
22.0359317133405
30.5357413546727
34.9364691591944
51.0781470106394
34.1235823234585
-32.9037054650506
15.3445197175188
19.2873198532325
-30.2382225691295
29.6833113728687
2.73029384732256
18.2577804633108
-8.1545787773438
-4.71089786201362
-3.79587027274114
24.4256459906077
25.8742987590254
15.8399890923203
13.5871331222576
-5.04132693612313
10.0869936182061
10.1723282551944
36.8462867986242
-0.836667969520214
9.96209310498546
31.3779995033209
9.81818219129269
-10.0896124343576
2.42843067273712
-17.7874003148879
-10.0137508445291
6.02670651450703
7.71337000496238
-4.22406497851347
0.461648848047993
-4.89866611370983
1.2746085603262
-18.1273030233249
21.8933890471309
36.4667416224478
-3.23942570251737
5.67510528049124
10.3219846723727
-35.6089934402828
36.4044387166956
-14.2537283760859
20.249910802229
-17.6893538702828
-22.5401222589358
-1.34579865853329
41.7739317641883
-17.307932557873
5.74942825387631
-20.1045139848217
-27.0823503602456
2.21891779523135
17.6612335488468
33.8957011246288
-14.0339066182297
17.5844937255464
-5.27792548601863
-35.021315535521
41.8037934072789
15.6235767461735
2.25441724170523
-8.98751439700823
8.18262042332631
-10.6549132546782
26.2357424815877
3.60820968413404
22.8206149094267
-1.80831512179144
56.5891397112941
-15.6038235704342
-26.9236428436347
13.1954107659276
2.47334743060813
59.3235744190931
24.9787753895345
0.0162177447359371
-6.23788333801868
16.7570225818832
-19.7155352033452
17.0952291435636
2.51718664545536
30.2124060452474
-4.21244541569584
7.38161274627206
21.7749663258245
-2.77460091373921
0.661789806734892
21.7237161628297
-4.95651647049653
-59.4458533559753
42.2569197269368
-6.54150624284527
-35.3728948072073
54.2394830744817
3.73135611295651
11.8621884332841
21.515842792983
23.1355235270788
11.3211848599225
19.5394069041136
-16.6830362167997
11.2922846926139
-6.00021768990913
-4.07032354546141
22.5464307853369
-8.10759142911253
-12.6102618745376
-28.935183489381
-11.1612597187677
-35.4806087305156
23.6333001772736
-14.6595968664629
-12.2806969870424
32.968186951711
16.9807625209505
33.9684727784235
-50.5518570381492
-3.7801572252852
-40.5829987154559
-5.33592114422238
-12.2699897472971
-4.29268563911245
52.3367442721271
7.52867662619056
-21.7765906267204
12.9426951407549
-23.7304984613049
8.48199598299939
34.4640431121907
-22.6267575739575
5.77175253839322
-16.3179509254612
30.5993609387775
4.03744858858102
8.77652095047929
31.4641673651203
11.8313516514712
20.254361104149
-39.6823599750239
-12.6231567542615
14.8984312009487
-38.856112161344
14.8937700380819
36.3816585529347
33.1861511594491
-14.331756524315
-16.1445534107408
-17.5624868647563
25.4489611998856
24.7397558682582
15.656920880766
5.24411771165551
-18.2226313784121
-7.19417231794557
45.638471131647
-29.6049451998617
5.76206318769392
16.7239648834926
14.1301629886949
19.0864347272631
14.0756884056846
-2.12008954000027
-9.72631905456575
-5.81931386875181
16.1261054460165
33.1556613937342
12.2784429375196
21.2442584554155
16.9225384658115
4.14065198011561
27.4162158187646
21.0509125285647
3.19097245316324
-2.98087610349828
-5.49003896304812
-2.75337358265454
40.9270794575389
18.5511129609855
-32.6602486160017
17.3437973775885
63.5081316776347
22.6845250692133
-7.86124032895049
-0.388059137314765
6.68237961078985
-3.49171416320393
-9.6154312415373
-10.8912566011755
-33.4189083373205
-26.663524016411
-19.9794279040313
-19.7368068204229
-1.76677383282128
-20.423469508907
11.3115612155447
-27.0876978882536
-17.2712889925939
22.9381839905534
61.401981866874
4.06534587349445
-20.5253921296508
-5.41262949759357
-8.32643448007359
12.8824177715353
17.2064346481813
21.7372205226041
-20.2505579206074
11.427547721694
-2.6424862438769
8.15030364021265
-4.76224346233954
-0.300253969735217
14.8173131957275
21.0114127651547
21.2783294584275
-19.7088174969758
-13.5620756543766
50.3827708780129
20.6364691994924
-1.84063415195065
-8.62023255655073
-0.691191260295501
5.53965431258724
10.6809969787446
-16.4457670649568
-27.040624678041
-10.0737129272886
14.6185306155901
9.72195404690471
-14.7210189303637
9.29020708959353
-5.1769282641196
-8.53920024393564
-32.6668033720486
57.6181615241988
27.4549697775975
6.20007900685099
-10.1118398362075
-14.1410896967898
41.9022177959104
10.8690780214383
-4.98235721190728
19.8854304516831
9.69464093737307
-10.7106098804197
4.86705599505102
-16.0944515218917
4.91841206276996
-44.5977926319988
2.56811270318324
11.3540514691087
14.4851264690471
6.21043617045123
-22.6755824973141
-2.83060257308969
27.3295339142459
-43.9579773764631
30.9437084387917
22.0341446120521
29.9531712892975
-12.7381196351882
33.2473438214545
20.3158800281333
-11.0858261967603
-1.29477810068421
40.3956559878133
47.554450700655
11.105127648596
36.7354916225887
-10.0340507781404
44.1630148813677
1.61258226485537
27.4419012543243
20.2065530987533
10.7541116852556
7.20652178350806
7.33789396854907
-4.50209716244357
-25.2243773797935
-19.8516229658884
-2.74983926231323
-3.90721959956503
-5.10976290990381
-25.1829007921849
15.7700911952284
15.7869604097186
-2.25028412638671
15.4494528147011
6.01888983349355
0.343021464930585
2.84062013609158
6.80930665421144
25.6312921546691
8.72012413857274
2.42291131914138
-48.9970115059198
-2.5760979722087
11.0395837917998
39.4928604675807
38.6371032775424
25.103294243764
-9.01201208268758
-11.3936287869571
19.229090705543
18.6811278514789
-25.1652512205581
-28.9660566981733
30.9239459329816
39.1119444016667
-1.81735960429603
16.7393469490447
-33.4656925481184
38.6617452596787
8.4602813591999
-9.01739769755285
13.2485755923889
0.798884166637884
19.2437192204215
-43.9012209017701
-21.1931837006112
8.40812332205707
28.6298406204937
38.6978689557285
34.9695543867158
-18.971512589878
14.2564053155614
-22.5058714696973
-9.08469778416753
1.59909261814803
-22.3365387813158
-21.7187630904314
27.2185239364653
-16.3973628472419
6.55209426183033
14.1770215552459
-31.9860640311066
-9.93040616397041
-24.3677411432818
20.8383500376363
19.3867260200977
29.1169094663588
1.82223561093654
-23.0456470609009
27.6012315413003
54.5635369416455
72.4362847362456
35.6649088505966
16.9714629253813
15.0480597841206
60.312245899747
19.9170627440754
9.79673584666389
6.92214704818846
30.3798269834174
8.78765424812553
-61.2130634358752
16.0388280970133
-26.8240919851034
-15.3191583000305
-5.23722462595524
13.9089561474516
29.3426022347918
-13.3097663831125
2.42448621577233
2.29527052823965
10.6555726295515
13.4349653324593
11.5855558990163
-4.53136682759729
-4.37788893120775
10.7889488178797
-5.55293725682643
34.8770709380733
-17.6818260870589
-58.609939904137
21.0366488593566
32.2440666464199
10.1313552542037
17.2023168751261
-16.0837358359652
21.7428187373358
3.41473159938871
-16.5803266558661
35.2449183452139
49.5459417043047
0.775890770676151
11.0963572266055
28.609799255203
7.51633942026109
0.556116686318785
3.81786589830353
-12.2576606826734
3.66791599891105
18.5624299179066
-15.8278462646139
43.6185889898994
3.19016429589541
-24.115757693621
-8.25283926715112
10.4401349252928
18.2020948356716
14.6621914105048
4.78767223473549
12.1578870586201
7.35716492467866
3.80937913476017
40.1694775413765
-22.6112965117691
-8.24700428834471
3.87763124601563
17.5374649255353
-10.5481885169497
22.4545629368388
31.7523541962599
20.7848062508968
-1.23710565570418
-6.60645510682434
-4.74501942919611
-6.61682822557709
-8.29627679155606
-4.05180663683976
-26.7670706977873
-55.6733025225561
-15.8654340632703
-44.819198240793
12.3144303880845
0.987570680833408
-13.3312985219725
-19.0688446772519
-16.1884964413503
36.5939181330911
-2.6287946905299
2.41980053865503
29.8252474384079
-9.0295634956869
-24.3796346988633
-23.7015181230249
13.791051048329
-14.3175755328328
-0.11083526873612
26.2901874352136
24.3383076552077
7.84780837962118
5.69662147549044
13.4040021402202
26.2756640120579
15.5177608649696
-30.7388849903811
9.90674063854548
7.43126530505507
-16.8209980830728
-36.6553738719379
11.4168750909667
-5.04542459868534
-3.38108061636369
-45.7161953672822
-2.16845051055726
3.32959522182541
12.9124811067236
1.69808521571711
28.9931821028684
11.9614686526823
14.1613350658357
-1.8879423873183
-30.8345600453992
21.1818894594245
9.09582962204816
-17.241724659599
10.4507173806147
-21.0826420793877
-9.76850811369401
-34.078065122024
23.4697889402586
-19.8001291057236
10.1940757716756
-14.5293486784425
11.264793908401
24.5686807372071
-6.67816982492249
25.471659860256
-17.7454655106562
47.3567505076747
-7.2838655796542
8.86933303235478
-40.3891215260644
-13.6466747848056
-4.99817014561873
29.6844683980711
62.2825131743598
-7.17071911323301
11.0884422175892
36.6329647272617
-19.529433943272
-17.466732384018
17.0305013143405
29.1913943625229
-16.5743433381791
-3.44443323113335
23.1589551646709
28.8561717869852
-5.17050932447341
18.2140961139388
44.6712613636069
-21.8587923063508
9.87034744382293
-22.1731080766063
22.7789682125665
18.1851525865555
-2.39653585178048
28.2222661483013
39.9204964945985
16.7395692145945
23.6007669212452
10.4027894010539
-15.6454929748752
45.6544922840507
16.053797903105
-12.280930408778
-21.7237099103738
50.7574571061483
6.10467992064185
-5.71291343954056
-10.5197874986264
-6.29804292366025
17.1754406183474
27.0387136021925
23.6250577206513
2.7111315510886
-8.22255844279637
18.2023350888773
38.7714496814177
17.380992033609
-15.216870946533
-39.0635084461602
19.5063326972779
4.29539625039603
21.0078165212066
22.136870241055
23.0433830069441
-2.85203256735699
63.0108921164907
55.2089357553042
6.81042162917475
-9.56452739455606
-5.98160545687314
7.89649421198809
-25.9911454237952
29.8901588365724
-11.2024372009025
28.2461778632208
24.5440603221912
-46.5368766507016
46.6513716461838
6.21786745492548
-34.8541107202235
-3.98902439901145
-19.455782159002
8.18060973536094
-23.7412816828062
36.0356703935096
-27.7473195742583
-7.00100604182097
-33.3858540490191
7.45296265257481
-0.806805445678091
32.8728049611147
-26.0563929415806
-13.61054187474
-12.107902278986
24.3029108501607
3.03407448571266
-18.804752125013
-10.2428768614209
19.1238465788663
16.1658350291142
7.84188775337549
41.1843853676645
9.33117795645557
-25.1943527863804
-6.77334016415404
35.5834193037351
-22.3558166140823
1.48856271769474
21.1030540798457
2.44202563700099
8.66305138375125
-1.96649777824783
5.82625686370479
-3.35687259630857
13.0170728110675
-31.3038451405312
10.058073035529
-2.60423730570601
-20.8176092006948
18.9152906717598
9.40350850053175
-10.3645244769935
34.5407996020198
-0.945843590306136
27.734214067575
46.3839125793512
9.7276267415981
-3.70084460259228
-7.23957374886024
-14.8601021401111
2.34890383546672
1.90418102575035
24.291679822971
37.742350159129
28.0344494891467
33.8388635078792
4.58064443151266
1.8277200845139
39.817745527052
-7.80497966090359
18.8311122356808
0.285649356218162
-14.0142700598867
4.8667098935795
44.0290435985972
25.174648384449
40.956276584901
-19.960551264873
-7.22874482990524
2.30755822012546
-15.8692589412791
23.3992125144555
-15.0565815437374
16.5988782155344
33.4994022592029
37.812918240376
-20.3171774685908
11.3506034511245
25.4797448543152
-8.08661773188165
19.7329488320523
10.9476170507146
36.3559968637909
36.393037523796
-3.74614359533038
-28.4888194105026
-3.39428375911889
63.050316677271
-21.3124711053661
7.85782888159955
-6.56186043300842
23.2877896335882
16.508255523849
15.6017666172927
5.19059077211178
5.72469423320632
4.75336051555861
27.2012511232378
-7.77506218042505
7.93644564284315
-8.97284036534297
-1.42103881041574
4.71496960701804
26.9995866225084
19.8919256779608
35.0683232733993
25.420291382974
19.3792149034026
-12.6588412488877
-12.2139197506622
39.7971092254026
-25.5013319416581
7.61284832113294
8.27374727750571
11.833036924334
1.67759345894187
-19.2094970135786
32.131125157977
-15.595123789232
27.9559503195224
0.201276420845625
12.5809891123238
6.33021555397072
-17.9660344280917
61.4825350845384
11.0286852595999
4.02502180570547
-37.9061840592132
-21.5876571407659
3.97429373640217
20.7718434290975
10.4862063258205
-14.8874508862042
-5.50008998645408
-3.31484646491946
28.6236566269607
-51.3727764632291
27.4107876229509
-18.8477064555852
2.48213306249992
7.90749125285783
-5.37190616707481
-24.2933247199024
-1.40576668071969
26.0804226288986
20.3795571095039
-37.8458589600364
-7.97763458917749
-5.5468870133157
18.9240052450708
-16.9172456265775
30.0630185169909
19.1775972067122
-17.3467922294715
40.595747917999
37.2989991537769
-8.64934077317617
1.39810495237682
8.60312525372037
-20.9428229452886
4.19967659321774
19.9095906401558
21.6062558770988
-6.85909318069677
-57.2944782984786
-9.2307621466134
-18.3175670876976
20.5195371614219
-1.04824876125667
3.55646119644705
22.0905084635269
21.4739346597139
42.4272914762757
-18.6524957519371
27.1537689168619
6.30334055056913
-40.9460055461289
-12.3310973490309
28.4288352267752
27.1931252532747
32.9418589175855
-14.6049688971883
-26.584456570099
31.8309272812616
-9.09600436402908
2.5535907931135
-13.8995485048758
26.4444735679128
0.196200785347914
26.8862604037357
12.1398935309422
37.9488179060116
9.39317288146861
18.9037872100589
5.10311961260786
-24.9927563293517
-19.9599990336712
1.22547887436103
14.8646000220583
32.303265128905
26.7216922761908
12.6908598154326
52.0805809451373
0.764802459107441
50.5895986941827
10.9369657048157
-7.33920604303182
-8.65529966694615
22.6255032338659
-0.249006799037243
41.3212181669501
-8.78028433710346
-13.9251766238368
14.3850570849972
-8.9871734445456
27.3479165873029
5.61021424123683
15.4123346146873
11.1648334552472
30.0598349841708
31.933581840392
14.1461256162893
62.6717847718411
-0.96947642316159
-1.32590357703636
13.1796556795242
2.84262146324914
-47.9503299588708
-34.6126935448983
14.8284038672587
-9.80335241653877
26.0578080238397
15.7219894817848
-4.77409832131269
24.7742380354372
43.3783076904485
15.5740665981359
12.874662528586
9.19595322877482
2.26459385124433
-37.7252103989772
14.9609811913766
-16.9034911559554
9.20442072870163
-8.47636269942869
38.5812410592238
8.92022953974006
-16.6856331126503
-5.1259994738037
-5.08722835160785
13.2035136460177
-54.6750516270591
29.3930734634024
-35.8888447713065
22.2987860305703
40.0191680130726
11.9503095422416
33.8586509118572
-12.8137169882697
15.7140554124024
-20.1279142654014
-14.6998924904946
-5.44528538133335
19.0057680168614
-33.3035307918041
15.7035644987799
25.472747757756
30.9676947127147
35.3367093763713
9.03566830877861
19.3871549573787
10.1255477593613
1.46898500032814
13.7446079480774
65.46667398154
19.0842543365469
15.5177872310568
20.8481001037319
36.1341003037756
23.7346336204187
35.8491599904812
21.7332292616003
20.6809149359683
-4.18627202121178
4.0668646165703
-9.17605356599147
20.8737107883295
28.2089374532881
-7.96458922515253
16.1776085314889
-4.89440787207923
4.69654863256172
-7.59634624766353
-16.7747585041719
-16.682160670749
-14.1682454340919
-6.31176215292992
48.8281564978902
6.73535688234457
2.54507169018109
40.7388720157107
39.6420494541201
1.3560956004333
25.4347560780701
38.1955068985893
23.2845445384954
0.525936775762943
-1.88031629867497
15.7842128714833
29.5590908449867
-18.6264346081048
5.53395692297632
-19.4978008040032
-22.1288942713634
-11.6889450306341
52.7751136678519
-16.9029188481357
-16.4229334463537
16.4872664360499
-31.7758723990559
-19.6187049636695
-0.757905116441478
4.00720941925636
8.59664112717018
15.2206576442128
37.4762219868818
-15.4329665495923
24.5751835627895
10.825042274794
25.615673404084
20.4136334760668
12.6507927012531
-23.1398933675816
1.12090472858895
29.0784426325207
18.7071915585239
-9.63262414350208
22.0767992725662
21.5643454290341
-8.2850066838407
37.7327621964795
3.18044651273044
19.0547586682953
-7.76117416303114
6.4835207553126
26.9224855555853
1.98376508928609
-8.5696704637418
27.099849241183
-0.854800814021645
7.67430872030809
24.0831390354322
-25.0938418409445
-16.9421763935866
6.8069470983115
30.7954877820879
-7.20997531497322
4.78889917805842
56.1768492212239
21.4742296437223
8.43017063280497
37.3916063141326
9.70359327971881
0.0586634300147795
9.2326305110287
42.6948092824596
-4.35515621511194
-1.71064490487647
8.62230115643613
56.4661316056267
9.11633209463352
11.9663251278439
-9.26346729597973
-48.9600885391592
52.3571597648543
-19.0442854857582
-1.62404174857684
29.8374524525679
-20.318085839573
2.1448012338687
23.8514816596361
8.87082960985075
-12.3842533228103
2.11847515320483
2.02364270638896
25.8110260103517
-34.9146811199898
-5.64086562799332
11.1692700942269
-30.7053269122114
-17.4257945227545
17.321988784377
34.0974238114167
-19.5701772600752
0.116221241797255
-15.8004679230115
16.876338588479
2.55374821050982
-33.9873960328002
28.6947821561684
39.3599064866886
25.5623204016734
20.5464628419109
14.2268328525525
-22.3583386234705
22.1915915361155
16.3058558778943
18.1344495509203
31.6819241220008
-35.7466812573336
-18.5085400328338
-12.6353522043633
3.72232236884547
-5.40825597913926
5.88105465993879
13.8465561670738
42.3172101041788
-36.8948940665771
-7.45060225293649
-3.85402351771652
3.36682274794425
48.7115063115971
-7.77379825683007
27.3179552047487
-13.4439682195303
1.49591852853892
18.068762481669
31.2277984542456
19.2338933193618
-20.3624603029261
-31.1118250947571
13.9024634053448
37.0007296486351
15.0040450851793
-4.85384194766509
25.1238789875745
-3.06012525562348
-11.8719023691222
46.6780347272202
16.786143016113
41.5030559912171
25.0185098167656
-0.229993553060178
39.7920035766032
32.8071320177627
-7.32109374939916
6.51260210901677
4.8133931826481
16.8543726682048
15.8666262815203
25.9671288172652
-8.4283237225933
-16.5654915708817
-18.52309473396
0.403333070542506
-5.03850468080073
5.79354644112101
-2.31159479780381
39.4164418362922
3.99572677942472
26.8928848181944
-21.9784334231737
24.063079953486
41.1121330523899
-8.32727825131946
-29.359596112635
33.8159339438191
11.3008698632019
-6.54446385160929
-6.65180231506222
-6.95936800568408
40.0937891434298
-3.70896007291239
-22.3290207315254
1.39864182688545
15.5083009500408
29.0006124614244
13.9279435241757
-1.97531445098477
-12.7085207157587
33.8746731482626
10.8848185867333
-0.604442091202605
-22.072416690026
7.00214099993063
11.7496940052784
40.5418958117699
14.5959327561017
-11.2717778419924
-6.13964458470715
13.6381623634133
15.5419631262648
-11.6968616317782
-27.9838279487484
-12.591174498641
12.3528039525952
17.3066709572272
-28.2622123316605
-10.8884885007798
10.2456044892755
0.136375648157772
21.5688648021981
31.6153850385727
-5.36425866939459
-9.22512715485999
14.7758027782273
19.6816097809043
12.7562451143722
-2.16352257031412
9.46380514465954
5.57730842731635
4.21750954182728
-32.8420464789915
13.8574659006263
5.95401022142551
-33.7014669855935
11.7650717574065
14.1284420792706
-19.3137639238629
35.2096041275593
-27.5148665072158
1.23966432605919
-28.5982337827
10.0597179970724
28.6790964797596
26.1838215472702
-5.81763327064705
-5.45249272908833
29.1459782072496
17.5113948499794
31.1551637347285
0.794793358129153
37.1649292381281
19.3705973708421
-3.99949886064721
-8.66186948610236
-18.9678805061182
36.6955725537061
-4.7825665551991
40.0591973339786
12.4339094692114
-20.1256473690778
8.43411877085946
-18.3191494594248
20.8589415338751
-4.239145126962
33.5217364804036
2.54340478889157
-10.7676099732409
-17.7474899406035
25.2616589447841
9.15704939539193
10.6063213434184
12.2538718784637
24.1546544891453
21.0766826856454
-9.12763758233964
25.9008787558352
-16.7854901678343
14.9061983566268
18.4611778087766
-19.6978382743867
29.288731192405
-6.8817997678309
2.185262427894
30.2077281029351
-0.294101909090638
-40.5717083617473
25.7931160298594
-44.1073783305345
-2.16955556012845
54.226031108131
4.83017961778735
21.5288588663741
6.47319921698208
5.33840222940202
22.9530144120716
-18.4488257461263
14.3817247729207
49.073538827841
25.9390280561677
19.45401115652
-9.13559913568614
4.72976965390045
10.5946293218509
24.8689973685854
-36.282855647539
29.8609110321231
42.9488840427248
18.2048918540755
6.81221822677109
6.28774830157134
6.02065303028238
13.9628178064472
29.2473471514559
32.8263989088853
4.39682500666374
-2.02276543584843
12.2972547623995
-23.7954920290694
-0.863759434544876
11.4105056427808
28.9852274035754
9.03999610719578
13.3515236337334
3.91360097992506
2.26851858163349
10.1454894868136
-10.6248902646845
-8.74762732419508
17.8515992496864
35.8331821416938
14.5230672119368
4.09190687768823
32.989605338125
29.7517632905102
43.9223040461765
0.834382562984954
-2.1076927365514
-14.2160244085625
20.6225631718591
8.70765347620494
16.2170700612496
-19.8787467138436
14.7134639423298
2.47690947203889
8.95458487870043
7.11723306903833
43.955941527483
-12.0663012795795
6.09507631900701
17.5044199980417
10.3796957800861
25.7358732674115
-13.4862497462762
-45.6227622991281
27.7656221183725
-8.00189874020435
48.1296576833403
6.71478760814404
-17.4139097633965
28.5729168030122
-18.5888819040089
20.6910144684579
-13.931477960572
-20.6779784119204
-17.0764514227139
8.69163260609344
-20.5078960346219
6.68923252380897
28.6140163047626
25.5674592593217
52.9792282047621
6.13157631049695
-9.0729111947287
2.14230706977842
-12.2040363975035
21.5915288309672
0.391210282440915
-61.7767325623836
33.139579571101
-4.20456378490376
49.4721353029766
-1.04299163448785
37.9280854443632
-17.8687106965655
25.6504574093249
32.3800277952865
18.3215920173714
26.4970969693159
13.4100657756707
13.7804801782771
-17.456401473588
15.9295722826725
-23.4270761532824
17.6436055443405
-42.4248535705038
15.6419887098642
17.0775941156285
5.00071394482312
8.70447496818521
36.9480954975467
5.41717479333082
9.56538867606902
21.918464539681
-38.0071351997411
24.1921001367651
-4.35950504994036
5.95562117241025
-26.1543163858487
-13.5549356615293
-7.79508955531663
7.86003712890539
-4.46967095159964
13.0988665220782
-3.55050109760477
2.32339479862765
-9.12304203546101
-21.5323312888301
19.680775415633
6.38564617017037
-20.8396090299025
-21.306586827058
15.094825160386
-8.47935895963431
47.0402767607001
-2.95941782355724
-5.21519850970223
-4.73072220109692
30.3810576981635
5.30056878011388
-50.3984508891334
3.59120609857884
6.42094067254105
29.6743720272537
5.32595306640462
10.3622655494623
19.5049356559951
-9.86152547842329
-0.813483969896629
18.0153374270092
2.22785271450543
18.4464960761814
16.7425693365567
-15.6250113693257
-0.536030518755638
-21.1376243930647
-6.23102063510769
36.2651562651465
-11.2223681335029
-2.62751519569974
22.6446208037311
-3.35593236018811
5.04995013397188
54.6123474003522
28.2016494941858
28.973237033077
17.001110478103
-2.06747097143874
13.6528982735185
24.4039965875872
0.284410104957367
3.46668412784401
20.2488389727984
-21.4794423295526
-0.809580863086417
19.1577065176812
17.1889122548153
3.6695337926576
-14.1867837065837
17.5977066469018
17.382974673026
16.6263455469152
0.0373503046988919
3.00506909118105
-9.14641242694752
10.0747905575078
3.57009353619199
-19.181670425912
4.43789927149569
-11.9563984516237
26.7191791533596
26.1600539481408
-21.2314023431882
-3.21095665178515
1.28257813076986
16.796758962576
9.88821897612397
11.5089979509043
54.9268493140534
-6.56670534548351
-20.9862907765791
-23.1550694163203
34.8793533040069
-8.08627716333636
-7.17061116471362
37.2628424408369
25.8689841011157
-6.89599819367645
-24.4394828033431
-4.61142301911337
-5.2223453114362
-2.34359928675423
5.3676297652748
3.07061621127455
2.25037978641347
8.45279332271114
-22.6623280338454
-28.069515315428
31.5073669398235
23.8250987027492
-11.9382601193628
8.00902779956133
20.3000614485788
-21.8221308437493
1.77368340438332
45.7494248429558
6.19713107506198
-15.931465946741
-3.35429247990348
-14.5580428402293
2.79974060767864
23.2564543238327
-13.1351316496348
3.51205630199992
-11.3088695968772
-1.04989314692404
25.5814364697444
1.63497950495631
7.66590566203402
16.568853847955
28.2275816756708
-6.25994584737609
20.446095650931
-43.0639738679251
13.8557788436771
26.6132719901651
39.8902960896324
5.45759673745516
-0.725999531369849
1.81660205322731
5.47485072744191
-0.513342054777745
17.1640114559412
16.6030733140562
13.2212031224633
38.8210839025024
12.3018296454925
-0.0327327421704524
-1.7078627124564
16.1846103931397
-1.04905716694161
-1.05813961209494
17.7254731368535
38.2902676206149
7.84721746310277
10.0579077929942
-35.2040781827569
22.5993205124491
-15.0906820745086
-3.2297875370313
3.90420260468556
-19.7364988509754
31.3827433326218
22.175835839961
-1.84945958703605
-1.92597443478205
17.5067709158018
36.4021995414615
16.6748106945684
37.1499466272644
19.1435653971427
2.32785828923702
-8.07586909681503
-30.8338035363037
-43.9065056367115
-10.4945922916199
9.21396306164757
5.89829079776974
-13.4208616131234
3.72408465100769
-23.7426207977391
-12.5230296809872
46.2777317734351
24.5007251343376
32.8014091315245
-44.549924983917
23.125694577264
5.78522464911199
-5.49979605257252
0.456707086781013
-17.0690629224384
23.7445286943476
21.9980316205209
10.2071302706746
-31.9722725802124
17.4836185780661
27.0719134177448
28.2682700019626
-9.35165249654759
-30.9265483423132
6.89818953419007
-1.3224782214662
13.839843869422
19.3245120363738
31.1805403426727
-23.7169539821698
27.8517324264476
24.8391812535732
-0.784047040996313
-10.3024384054901
-5.64165661060656
-6.10505371246584
2.10133096357398
23.3684832069112
35.6347188904401
49.0703439807514
20.5995607425485
-2.9416695174269
-12.4455075809635
45.2847721055991
26.7350030738816
34.7143972054184
2.59891072063772
-0.637576019766256
5.39603894748718
-12.5983368151518
7.53506165690332
-13.277214529677
-16.7987091979919
-5.75866656131135
-1.07891988274242
-21.0114216548498
28.5695263387521
-24.8616795235281
26.5653255486975
24.2689592341461
14.766681692924
0.0100090337020609
16.3981910892812
-13.0050131692129
11.8385848571874
20.6836757419348
29.1216305654954
-36.82664294899
-4.4718743886472
-38.0406105888933
-4.01124782618787
6.76840010479358
-20.1779457618792
-5.14153176394814
14.4106914595522
33.5770876595914
-16.4206617510635
25.6690507287866
44.7256541609345
-11.0528541796841
25.7110116168132
3.5554604030139
9.43598690154896
32.5032293049539
20.1488618869909
-7.74356227176091
13.1997410936825
26.9038313739354
-30.1667055684554
31.2775057212479
-13.0648054475964
19.6621115682998
9.08308535083376
-3.00910834498902
9.26601086935042
-7.4094630834927
-6.11645009510715
-10.0086122578813
-4.47974616179729
-5.86019322778949
-15.870968028308
0.650684286636532
36.3549091582496
-12.976058688894
-13.7121861215458
-2.61114002635263
1.07437398226962
-47.276200545154
28.9675259353591
6.19880635478258
-0.836571075561555
-25.6318030727294
32.9134758304597
10.260440545345
9.84975169061844
32.8118633697504
-9.45711928398307
-4.8226001782375
19.0396536216789
-10.5541354866991
7.88194458082891
-10.0547390667128
25.4991415207865
-28.8986389634809
-15.5413070033971
19.8705880271026
54.7790743966594
35.5911491178072
32.711063199066
2.26807351982476
-33.1490050946921
12.7591003640015
-32.1018042091229
33.4273630180455
11.994044421909
33.133699504592
-27.0479169054006
34.1238460069129
-3.16919701548036
-54.0626082655731
-11.3996643512759
-22.0311487501937
-10.0969055085937
7.76265543715432
-12.7236589599324
-16.2087497290062
50.0375959232393
-2.22309896295056
-2.42296197678343
3.12292542151123
1.18247233103217
7.49040050893118
-25.1981421407446
-1.01015318676678
-8.94432793195265
7.35621356624734
-20.9054247566256
18.2054494149531
22.9312234790572
-23.1695164512194
-22.9455673336665
-16.7635910604668
30.6475791937136
-14.9936341424161
-8.08019451268643
-23.5960732414605
20.8427577360245
2.15431986556543
-10.6482022216953
-5.99483633200951
22.7399510332382
28.1571726942814
3.26150721264443
17.8483504960872
21.1768642074303
8.91462104957398
-2.66098893626573
33.118491297131
28.3131300642775
30.236254041182
18.4631005457987
-32.5253774310136
15.5829226675657
-8.33801911770602
-17.8730196152835
-7.89313278179117
0.69164475385567
-0.829026151558109
-14.2949423416585
3.21881003893214
-14.6687460003145
-21.1166312176753
-28.1706602551649
-12.813423020513
-23.6930851191992
-11.82454695709
-14.8583809822697
-17.9134229507091
-35.5330025832315
-8.50039237859311
38.9751488310704
-65.8786874106458
-9.54444741169881
-10.1389133135762
-18.4336558513565
48.3620228220229
45.3400687120678
18.465193188822
33.2464211100309
11.651558785437
-18.3999345518638
-5.26298995019433
20.3360744748128
-5.46270614952419
24.102662676914
-43.8342395681631
-15.0227972140528
-37.7983953059009
-3.81492457528901
-3.90473738207866
20.1861924723291
19.4125889609634
9.66966387445083
-1.98686707668702
25.1505746677087
-27.2462150947865
8.88869673839422
22.7000133895319
29.735148816459
-13.6276638084575
-58.5189275589466
-18.1401713562948
-27.2611358046269
30.4641810842575
43.6534899995919
26.8986711072502
3.8235022111842
-4.19388829737988
10.96859914896
29.701364825525
3.60905236008636
-15.3107846227238
34.4117166030909
18.5426164075503
10.8604180773048
-4.27597074809649
-1.26482421580959
25.7530990846414
14.6055735525507
28.2665215295325
27.9241022655915
28.9776911402952
21.2054196621447
-0.154185745532708
24.1506349424678
8.00063593134818
41.8805527877798
25.9256993272794
2.97764758146257
30.6259628301667
-19.4740299302848
25.3609121883441
26.0715883411313
1.0611477028495
23.1125392886745
23.9528813623954
14.0072903493859
32.1519861867637
8.48137088654707
-1.05718790362134
7.0036927598967
16.1727530274122
12.2858077478376
14.3811261893474
-3.05361925707724
5.23573011169974
50.8388751314698
32.4702332140028
4.02142166612576
-24.3513677693128
5.8525448800947
5.34472448963156
3.5026968492025
26.5847576371881
12.2893122242524
-8.63242089289027
5.02125278792955
26.385122896082
39.1152753813242
16.1462218671449
31.76200725548
-23.56238416844
-18.0857289320066
23.5706669445354
8.90337357039763
-19.137149757807
-4.84941503082709
9.47489933919674
4.46328076873991
7.23097016968579
6.45880099604218
24.4064198737637
-14.4732376591118
5.96734315082107
-27.1010483536377
23.0741657015805
34.7465013096239
34.8995624863369
6.52860945168828
22.6579653861468
10.8269123248086
2.27381857164285
-15.4604814867218
8.16878383956271
11.4852141143303
1.68768978459256
9.22929804086862
27.0712182450883
5.7928422125323
